0 0.49296875 0.63671875 0.284375 0.3109375
0 0.17890625 0.62421875 0.3 0.384375
0 0.86640625 0.6296875 0.209375 0.271875
0 0.9671875 0.5390625 0.065625 0.15
0 0.93515625 0.55859375 0.0984375 0.1171875
0 0.80078125 0.56640625 0.140625 0.215625
0 0.8875 0.4953125 0.071875 0.06875
0 0.875 0.45703125 0.040625 0.028125
0 0.80859375 0.49609375 0.09375 0.103125
0 0.703125 0.49765625 0.0921875 0.109375
0 0.60625 0.46484375 0.0890625 0.0625
0 0.63671875 0.58671875 0.1578125 0.2625
0 0.55 0.559375 0.1578125 0.1765625
0 0.3140625 0.60703125 0.15 0.3078125
0 0.140625 0.48828125 0.196875 0.1546875
0 0.39609375 0.4765625 0.13125 0.1203125
0 0.5328125 0.475 0.0640625 0.0421875