0 0.50546875 0.61953125 0.26875 0.3046875
0 0.61953125 0.56328125 0.228125 0.334375
0 0.69296875 0.51875 0.1609375 0.2703125
0 0.13984375 0.70625 0.271875 0.359375
0 0.30078125 0.6546875 0.225 0.3375
0 0.21015625 0.6015625 0.1515625 0.2546875
0 0.08828125 0.6125 0.1625 0.18125
0 0.40703125 0.58125 0.1765625 0.2953125
0 0.5109375 0.46875 0.140625 0.11875
0 0.7890625 0.49140625 0.1734375 0.2625
0 0.85078125 0.4328125 0.178125 0.2265625
0 0.9046875 0.3734375 0.1453125 0.146875
0 0.94453125 0.36171875 0.0984375 0.1375
0 0.9328125 0.296875 0.0640625 0.0515625
0 0.72421875 0.38203125 0.109375 0.0953125
0 0.56328125 0.40703125 0.1 0.078125
0 0.49296875 0.4125 0.0609375 0.0453125