0 0.54453125 0.6890625 0.225 0.4140625
0 0.3953125 0.50703125 0.13671875 0.20390625
0 0.49765625 0.46953125 0.125 0.1359375
0 0.6640625 0.58125 0.11875 0.2609375
0 0.7578125 0.54140625 0.13359375 0.2546875
0 0.9046875 0.50234375 0.16640625 0.18203125
0 0.9671875 0.471875 0.065625 0.12734375
0 0.8859375 0.41640625 0.12109375 0.0578125
0 0.671875 0.4421875 0.11796875 0.096875
0 0.59765625 0.45390625 0.08359375 0.12578125
0 0.728125 0.40703125 0.06171875 0.04453125
0 0.8609375 0.40078125 0.06484375 0.0390625