0 0.26796875 0.66796875 0.30078125 0.3515625
0 0.12578125 0.5671875 0.15625 0.28203125
0 0.29140625 0.528125 0.153125 0.209375
0 0.45859375 0.603125 0.2546875 0.32265625
0 0.621875 0.62109375 0.23125 0.3609375
0 0.83359375 0.56640625 0.2078125 0.28203125
0 0.53828125 0.4734375 0.1171875 0.10234375
0 0.7046875 0.465625 0.14453125 0.1234375
0 0.9015625 0.46953125 0.12421875 0.14921875
0 0.67421875 0.41640625 0.0734375 0.0734375
0 0.75625 0.42734375 0.0859375 0.07578125
0 0.83359375 0.4046875 0.05390625 0.05625
0 0.9546875 0.45703125 0.090625 0.15625
0 0.8875 0.38046875 0.040625 0.0171875