0 0.5796875 0.6171875 0.2671875 0.275
0 0.70703125 0.6203125 0.1875 0.2625
0 0.85546875 0.63203125 0.1796875 0.325
0 0.76640625 0.52578125 0.1078125 0.1015625
0 0.453125 0.5984375 0.2046875 0.29375
0 0.27890625 0.5578125 0.178125 0.24375
0 0.0859375 0.44375 0.16875 0.13125
0 0.2046875 0.478125 0.0875 0.18125
0 0.27109375 0.43359375 0.1046875 0.1015625
0 0.3875 0.56328125 0.153125 0.29375
0 0.4453125 0.43515625 0.075 0.0515625
0 0.50703125 0.44921875 0.0734375 0.046875
0 0.5921875 0.459375 0.0734375 0.05625
0 0.571875 0.43203125 0.090625 0.05625
0 0.67421875 0.47578125 0.1 0.05625
0 0.72890625 0.4484375 0.05625 0.0390625
0 0.88515625 0.47109375 0.071875 0.0359375