0 0.07109375 0.4734375 0.090625 0.11484375
0 0.125 0.51875 0.13125 0.1828125
0 0.3046875 0.58125 0.234375 0.25390625
0 0.53046875 0.6078125 0.1828125 0.296875
0 0.690625 0.6296875 0.221875 0.37265625
0 0.81953125 0.61015625 0.21875 0.340625
0 0.94609375 0.615625 0.1078125 0.36796875
0 0.56953125 0.46640625 0.146875 0.10625
0 0.496875 0.46796875 0.13984375 0.1421875
0 0.33828125 0.48984375 0.1375 0.10703125
0 0.209375 0.4921875 0.109375 0.090625
0 0.175 0.44140625 0.06171875 0.04375
0 0.253125 0.4421875 0.04375 0.0421875
0 0.36328125 0.465625 0.15625 0.11015625