0 0.83203125 0.40625 0.2109375 0.35
0 0.51015625 0.40546875 0.1609375 0.265625
0 0.6875 0.4375 0.1875 0.3140625
0 0.578125 0.44375 0.13125 0.265625
0 0.83125 0.5421875 0.184375 0.1484375
0 0.3171875 0.39921875 0.1609375 0.271875
0 0.1921875 0.409375 0.190625 0.2734375
0 0.00703125 0.521875 0.0140625 0.065625
0 0.0484375 0.50078125 0.096875 0.0921875
0 0.0515625 0.47265625 0.103125 0.1140625
0 0.10859375 0.4828125 0.0953125 0.109375
0 0.09609375 0.546875 0.1109375 0.0671875
0 0.38828125 0.4265625 0.1625 0.2703125
0 0.27578125 0.52265625 0.1015625 0.0609375
0 0.3640625 0.5625 0.053125 0.0359375
0 0.44453125 0.54296875 0.0890625 0.065625
0 0.5796875 0.5625 0.1921875 0.09375