0 0.0515625 0.54921875 0.103125 0.0890625
0 0.265625 0.546875 0.1578125 0.134375
0 0.2359375 0.4765625 0.1328125 0.1265625
0 0.3640625 0.265625 0.365625 0.53125
0 0.3796875 0.5984375 0.1078125 0.115625
0 0.4609375 0.628125 0.0796875 0.0890625
0 0.5390625 0.6375 0.078125 0.1171875
0 0.59765625 0.6421875 0.109375 0.1203125
0 0.49296875 0.56875 0.1078125 0.1
0 0.61171875 0.4890625 0.1546875 0.2453125
0 0.48984375 0.40078125 0.2 0.38125
0 0.82109375 0.390625 0.303125 0.4328125
0 0.896875 0.50859375 0.20625 0.3546875