0 0.10546875 0.21875 0.2078125 0.4375
0 0.2171875 0.26875 0.234375 0.4296875
0 0.04453125 0.4609375 0.0890625 0.090625
0 0.1484375 0.45703125 0.128125 0.146875
0 0.40625 0.3671875 0.184375 0.2828125
0 0.3296875 0.4625 0.1265625 0.1015625
0 0.3078125 0.50234375 0.0953125 0.0859375
0 0.46875 0.43515625 0.115625 0.2078125
0 0.3671875 0.53671875 0.090625 0.0734375
0 0.4515625 0.53828125 0.1 0.084375
0 0.5359375 0.4640625 0.1203125 0.2109375
0 0.621875 0.46171875 0.115625 0.221875
0 0.68125 0.4859375 0.1109375 0.2
0 0.79921875 0.4328125 0.1859375 0.25625
0 0.88828125 0.5265625 0.09375 0.1359375
0 0.5671875 0.578125 0.096875 0.0328125