0 0.91484375 0.6578125 0.1703125 0.471875
0 0.759375 0.60703125 0.2078125 0.378125
0 0.62734375 0.6421875 0.2890625 0.44375
0 0.490625 0.696875 0.3375 0.5125
0 0.91875 0.46640625 0.1625 0.1828125
0 0.9171875 0.65546875 0.165625 0.4640625
0 0.4734375 0.47421875 0.1265625 0.1171875
0 0.36484375 0.53515625 0.15625 0.2484375
0 0.2578125 0.48046875 0.0921875 0.1484375
0 0.13671875 0.521875 0.1171875 0.159375
0 0.046875 0.525 0.09375 0.159375
0 0.1921875 0.48125 0.0640625 0.1328125
0 0.15546875 0.434375 0.0375 0.0359375
0 0.1234375 0.4578125 0.059375 0.065625
0 0.075 0.49921875 0.0828125 0.1609375
0 0.01640625 0.44765625 0.0328125 0.0421875