0 0.06953125 0.3640625 0.078125 0.06171875
0 0.2859375 0.38984375 0.0984375 0.10703125
0 0.471875 0.39609375 0.0625 0.11484375
0 0.6140625 0.38125 0.0578125 0.08359375
0 0.5921875 0.52421875 0.13203125 0.2375
0 0.77734375 0.53359375 0.22265625 0.25078125
0 0.93203125 0.41171875 0.1359375 0.12109375
0 0.38203125 0.44140625 0.153125 0.08984375
0 0.41328125 0.6421875 0.21875 0.315625
0 0.10078125 0.66484375 0.18671875 0.31953125
0 0.21796875 0.51875 0.12734375 0.17109375
0 0.04296875 0.48125 0.08046875 0.090625