0 0.75625 0.6203125 0.20234375 0.40546875
0 0.75859375 0.39921875 0.10546875 0.06640625
0 0.63046875 0.38125 0.08984375 0.103125
0 0.4875 0.56640625 0.1453125 0.25546875
0 0.284375 0.5859375 0.20234375 0.33515625
0 0.44609375 0.41328125 0.08984375 0.06328125
0 0.58515625 0.5109375 0.103125 0.24296875
0 0.08359375 0.3515625 0.0859375 0.0671875
0 0.49140625 0.3859375 0.0671875 0.0671875
0 0.4390625 0.36328125 0.0453125 0.03125
0 0.36171875 0.39609375 0.07421875 0.08984375
0 0.28515625 0.371875 0.07421875 0.046875