0 0.37890625 0.59609375 0.2015625 0.34375
0 0.5140625 0.57265625 0.18515625 0.3265625
0 0.840625 0.56484375 0.23515625 0.34140625
0 0.1765625 0.52421875 0.17578125 0.25234375
0 0.3546875 0.43984375 0.16015625 0.11796875
0 0.43828125 0.42890625 0.08359375 0.08125
0 0.6859375 0.40078125 0.096875 0.10546875
0 0.55 0.390625 0.08671875 0.115625
0 0.51015625 0.371875 0.06875 0.0890625
0 0.41953125 0.37890625 0.09296875 0.078125
0 0.365625 0.36484375 0.06796875 0.05
0 0.4515625 0.36953125 0.06015625 0.0671875