0 0.32109375 0.70390625 0.29296875 0.4796875
0 0.64609375 0.778125 0.403125 0.44375
0 0.921875 0.64296875 0.15625 0.3265625
0 0.43984375 0.58671875 0.20078125 0.32890625
0 0.52421875 0.5203125 0.14375 0.2359375
0 0.04296875 0.65078125 0.0859375 0.26796875
0 0.296875 0.4125 0.11640625 0.125
0 0.37421875 0.4234375 0.084375 0.11953125
0 0.4640625 0.38359375 0.08125 0.0859375
0 0.56328125 0.41328125 0.09453125 0.14140625
0 0.5671875 0.36328125 0.09453125 0.0609375
0 0.34140625 0.36171875 0.05625 0.0375