0 0.0765625 0.3578125 0.06796875 0.05703125
0 0.07890625 0.5875 0.1359375 0.334375
0 0.20625 0.53984375 0.10390625 0.24140625
0 0.5703125 0.553125 0.14140625 0.30625
0 0.78984375 0.5453125 0.11171875 0.3046875
0 0.6859375 0.403125 0.10703125 0.09296875
0 0.27265625 0.425 0.0859375 0.0921875
0 0.38046875 0.465625 0.07734375 0.19296875
0 0.6171875 0.36953125 0.08125 0.0609375
0 0.55234375 0.37734375 0.0453125 0.0359375
0 0.4890625 0.4109375 0.0734375 0.08125
0 0.4171875 0.3921875 0.071875 0.078125