0 0.64765625 0.38046875 0.1203125 0.125
0 0.559375 0.37734375 0.084375 0.1203125
0 0.47265625 0.38359375 0.0859375 0.09375
0 0.3953125 0.396875 0.1234375 0.1203125
0 0.2859375 0.39453125 0.15 0.078125
0 0.2859375 0.51171875 0.1625 0.1921875
0 0.1640625 0.63359375 0.2765625 0.3578125
0 0.46875 0.65 0.2625 0.421875
0 0.61328125 0.48984375 0.15 0.1375
0 0.5203125 0.43828125 0.1078125 0.1015625
0 0.75859375 0.7046875 0.3453125 0.5
0 0.921875 0.62421875 0.15625 0.4640625
0 0.0578125 0.415625 0.115625 0.09375