0 0.0828125 0.35390625 0.11015625 0.0609375
0 0.3015625 0.38984375 0.07109375 0.1015625
0 0.415625 0.41796875 0.10546875 0.12109375
0 0.415625 0.3515625 0.04375 0.0375
0 0.45390625 0.36015625 0.03671875 0.05703125
0 0.50234375 0.3921875 0.06015625 0.1234375
0 0.6015625 0.39453125 0.05078125 0.13203125
0 0.35625 0.5359375 0.19453125 0.20703125
0 0.665625 0.51015625 0.2890625 0.1546875
0 0.15390625 0.73828125 0.26484375 0.515625
0 0.50703125 0.6453125 0.20390625 0.18515625
0 0.7171875 0.790625 0.51875 0.40234375
0 0.915625 0.59921875 0.1671875 0.38828125