0 0.91953125 0.3796875 0.1125 0.059375
0 0.63046875 0.37109375 0.0578125 0.0375
0 0.3796875 0.38828125 0.09375 0.096875
0 0.4484375 0.36640625 0.065625 0.0765625
0 0.53984375 0.4015625 0.1 0.0828125
0 0.225 0.4921875 0.1453125 0.253125
0 0.71171875 0.38203125 0.08125 0.053125
0 0.63125 0.42421875 0.05 0.0875
0 0.7109375 0.4359375 0.134375 0.075
0 0.70625 0.58671875 0.196875 0.259375
0 0.5234375 0.5578125 0.1484375 0.2453125
0 0.39140625 0.546875 0.1265625 0.28125
0 0.46015625 0.4296875 0.084375 0.09375