0 0.48203125 0.6109375 0.2828125 0.3234375
0 0.3578125 0.55234375 0.240625 0.3578125
0 0.27890625 0.50546875 0.16875 0.2890625
0 0.86640625 0.69375 0.2671875 0.378125
0 0.7015625 0.64375 0.2359375 0.3609375
0 0.7984375 0.58671875 0.159375 0.271875
0 0.92109375 0.59375 0.1578125 0.190625
0 0.58671875 0.56796875 0.184375 0.3171875
0 0.47265625 0.44921875 0.15 0.125
0 0.175 0.47890625 0.1828125 0.28125
0 0.1078125 0.415625 0.1875 0.240625
0 0.06640625 0.35703125 0.1171875 0.146875
0 0.24296875 0.36015625 0.115625 0.1
0 0.41640625 0.38359375 0.10625 0.0828125
0 0.49140625 0.3875 0.0640625 0.0484375