0 0.5875 0.61875 0.3140625 0.3765625
0 0.84921875 0.59609375 0.2640625 0.37265625
0 0.05703125 0.67578125 0.1140625 0.3578125
0 0.20390625 0.59609375 0.15390625 0.29453125
0 0.27890625 0.4953125 0.17421875 0.2390625
0 0.64140625 0.44375 0.1640625 0.15546875
0 0.47578125 0.4390625 0.1140625 0.1625
0 0.35546875 0.42265625 0.09375 0.12421875
0 0.3828125 0.4046875 0.0765625 0.1265625
0 0.553125 0.39140625 0.075 0.08515625
0 0.63515625 0.37734375 0.09765625 0.0796875
0 0.48984375 0.36796875 0.04375 0.025