0 0.84921875 0.6125 0.2234375 0.3703125
0 0.50859375 0.61328125 0.1703125 0.28125
0 0.696875 0.57890625 0.196875 0.3328125
0 0.58046875 0.571875 0.1375 0.28125
0 0.8484375 0.46796875 0.19375 0.1578125
0 0.3046875 0.61953125 0.1703125 0.2875
0 0.17265625 0.60859375 0.2015625 0.2890625
0 0.0359375 0.50859375 0.071875 0.0953125
0 0.0390625 0.53984375 0.078125 0.1171875
0 0.084375 0.53046875 0.1 0.115625
0 0.07109375 0.46328125 0.11875 0.0703125
0 0.38046875 0.590625 0.1703125 0.2859375
0 0.26171875 0.4890625 0.10625 0.0640625
0 0.35390625 0.44609375 0.05625 0.0375
0 0.4390625 0.46796875 0.09375 0.06875
0 0.58203125 0.446875 0.2046875 0.0984375