0 0.75625 0.37890625 0.3265625 0.4265625
0 0.95078125 0.4046875 0.0984375 0.434375
0 0.91796875 0.44609375 0.1640625 0.3640625
0 0.8203125 0.5984375 0.15 0.1453125
0 0.61953125 0.475 0.1734375 0.284375
0 0.5328125 0.51171875 0.1515625 0.2578125
0 0.33125 0.490625 0.1625 0.246875
0 0.253125 0.453125 0.165625 0.2296875
0 0.34921875 0.55546875 0.084375 0.109375
0 0.090625 0.4578125 0.16875 0.2125
0 0.0296875 0.5171875 0.059375 0.153125
0 0.08359375 0.55078125 0.121875 0.084375
0 0.18828125 0.56875 0.1078125 0.1125
0 0.1375 0.58671875 0.0421875 0.0515625