0 0.0828125 0.6484375 0.165625 0.50625
0 0.17734375 0.59609375 0.2796875 0.403125
0 0.13671875 0.46015625 0.1609375 0.15625
0 0.13984375 0.4078125 0.15 0.1375
0 0.26171875 0.42109375 0.1515625 0.1265625
0 0.68046875 0.61640625 0.2703125 0.2890625
0 0.47890625 0.540625 0.215625 0.2375
0 0.890625 0.5640625 0.15625 0.1578125
0 0.72578125 0.50390625 0.109375 0.1109375
0 0.6453125 0.49765625 0.1015625 0.1109375
0 0.60390625 0.4484375 0.08125 0.0796875
0 0.5453125 0.51953125 0.14375 0.2140625
0 0.48984375 0.425 0.0828125 0.06875
0 0.42109375 0.4890625 0.1640625 0.2234375