0 0.72109375 0.53671875 0.2078125 0.3
0 0.54453125 0.58203125 0.196875 0.3
0 0.41328125 0.5890625 0.2296875 0.3046875
0 0.28984375 0.5796875 0.16875 0.30625
0 0.8609375 0.4953125 0.1671875 0.2515625
0 0.95234375 0.4078125 0.0921875 0.1203125
0 0.9015625 0.415625 0.103125 0.1140625
0 0.9421875 0.36171875 0.0921875 0.0671875
0 0.85703125 0.37734375 0.134375 0.0875
0 0.6296875 0.42578125 0.0921875 0.084375
0 0.49921875 0.45546875 0.11875 0.0921875
0 0.475 0.43828125 0.075 0.078125
0 0.41796875 0.43046875 0.0671875 0.0609375
0 0.390625 0.44296875 0.0765625 0.0734375