0 0.75859375 0.74296875 0.25625 0.3578125
0 0.5265625 0.65 0.2546875 0.353125
0 0.315625 0.571875 0.203125 0.3
0 0.16015625 0.49375 0.1453125 0.234375
0 0.05703125 0.42265625 0.1140625 0.1671875
0 0.75546875 0.53984375 0.134375 0.1359375
0 0.6328125 0.5390625 0.140625 0.1484375
0 0.4484375 0.4984375 0.103125 0.1109375
0 0.2703125 0.40234375 0.0734375 0.0890625
0 0.36328125 0.428125 0.0859375 0.0671875
0 0.19375 0.3671875 0.0984375 0.09375
0 0.11328125 0.37421875 0.1 0.0828125
0 0.3203125 0.39375 0.05625 0.0421875