0 0.83984375 0.77421875 0.3015625 0.4515625
0 0.68125 0.6921875 0.2796875 0.4265625
0 0.53359375 0.67578125 0.375 0.509375
0 0.375 0.678125 0.4375 0.5859375
0 0.89765625 0.61328125 0.2046875 0.2171875
0 0.8421875 0.77734375 0.296875 0.4453125
0 0.44375 0.44765625 0.15 0.14375
0 0.31015625 0.4671875 0.2046875 0.2828125
0 0.2234375 0.3703125 0.1203125 0.16875
0 0.08515625 0.36484375 0.1484375 0.184375
0 0.15703125 0.3453125 0.090625 0.146875
0 0.1375 0.28203125 0.04375 0.0421875
0 0.09609375 0.29453125 0.071875 0.078125
0 0.04921875 0.321875 0.0796875 0.171875