0 0.0625 0.4625 0.125 0.090625
0 0.3046875 0.45625 0.1 0.1265625
0 0.434375 0.4625 0.140625 0.1546875
0 0.42109375 0.38984375 0.0546875 0.05
0 0.4640625 0.390625 0.053125 0.0703125
0 0.52421875 0.415625 0.0921875 0.146875
0 0.63203125 0.396875 0.0828125 0.1546875
0 0.3953125 0.603125 0.25625 0.2671875
0 0.72734375 0.509375 0.3484375 0.2296875
0 0.20703125 0.77890625 0.3796875 0.4421875
0 0.5828125 0.690625 0.2625 0.2453125
0 0.7578125 0.7671875 0.484375 0.45
0 0.94296875 0.5625 0.1140625 0.440625