0 0.71328125 0.65078125 0.2625 0.36796875
0 0.934375 0.64765625 0.13125 0.39375
0 0.88203125 0.60703125 0.146875 0.32265625
0 0.79296875 0.45703125 0.12578125 0.121875
0 0.59765625 0.55 0.13359375 0.24921875
0 0.52109375 0.5078125 0.11640625 0.2265625
0 0.33515625 0.5078125 0.12734375 0.215625
0 0.259375 0.534375 0.1328125 0.19921875
0 0.35859375 0.45 0.06875 0.09453125
0 0.11171875 0.51484375 0.13671875 0.18203125
0 0.04296875 0.45546875 0.08203125 0.1359375
0 0.11484375 0.4296875 0.10625 0.0671875
0 0.21171875 0.42265625 0.08984375 0.09453125
0 0.1671875 0.40078125 0.034375 0.04453125