0 0.21796875 0.74765625 0.4359375 0.5046875
0 0.6078125 0.690625 0.3234375 0.44609375
0 0.33515625 0.60234375 0.22578125 0.3015625
0 0.17109375 0.4671875 0.11171875 0.0828125
0 0.10625 0.53828125 0.1421875 0.1734375
0 0.3625 0.4953125 0.103125 0.14296875
0 0.49609375 0.4875 0.09453125 0.16796875
0 0.6 0.4453125 0.0890625 0.10078125
0 0.696875 0.4859375 0.11640625 0.17578125
0 0.82109375 0.49140625 0.1359375 0.20625
0 0.9484375 0.4765625 0.103125 0.18671875
0 0.77734375 0.41484375 0.07890625 0.05234375