0 0.446875 0.7703125 0.32734375 0.459375
0 0.82421875 0.88671875 0.3515625 0.22578125
0 0.86171875 0.790625 0.2765625 0.371875
0 0.790625 0.6828125 0.296875 0.346875
0 0.6015625 0.6171875 0.22265625 0.32265625
0 0.25234375 0.5140625 0.1640625 0.2609375
0 0.68515625 0.45703125 0.15078125 0.20390625
0 0.31875 0.45859375 0.10703125 0.19453125
0 0.29765625 0.3703125 0.0953125 0.06015625
0 0.41796875 0.415625 0.10234375 0.1484375
0 0.5203125 0.41796875 0.0953125 0.14296875
0 0.59921875 0.40390625 0.0890625 0.11875