0 0.953125 0.5375 0.09375 0.08125
0 0.6734375 0.6046875 0.065625 0.05
0 0.41328125 0.63671875 0.1140625 0.1171875
0 0.48828125 0.64453125 0.08125 0.0890625
0 0.575 0.590625 0.1171875 0.103125
0 0.234375 0.56171875 0.1953125 0.28125
0 0.7546875 0.5765625 0.090625 0.0703125
0 0.66484375 0.55 0.06875 0.0984375
0 0.74296875 0.52265625 0.15 0.103125
0 0.70859375 0.36796875 0.25 0.3
0 0.52734375 0.434375 0.1984375 0.2765625
0 0.39375 0.471875 0.1828125 0.3078125
0 0.48828125 0.578125 0.1046875 0.1109375