0 0.5859375 0.6140625 0.2375 0.24609375
0 0.70859375 0.60546875 0.1609375 0.240625
0 0.853125 0.6046875 0.14765625 0.303125
0 0.7578125 0.50859375 0.096875 0.09140625
0 0.4609375 0.60625 0.175 0.2703125
0 0.28984375 0.58125 0.15390625 0.2234375
0 0.09375 0.4875 0.1546875 0.11328125
0 0.21171875 0.5109375 0.0703125 0.16953125
0 0.271875 0.4625 0.09375 0.08984375
0 0.3953125 0.578125 0.12421875 0.27421875
0 0.43984375 0.44921875 0.06875 0.04453125
0 0.50078125 0.45703125 0.06796875 0.03984375
0 0.58359375 0.46015625 0.06796875 0.0484375
0 0.56171875 0.43515625 0.08515625 0.046875
0 0.66484375 0.46875 0.09296875 0.046875
0 0.71484375 0.43828125 0.05234375 0.03359375
0 0.86875 0.446875 0.0671875 0.02890625