0 0.178125 0.7546875 0.35546875 0.4859375
0 0.0609375 0.56484375 0.121875 0.16953125
0 0.34609375 0.5640625 0.1609375 0.26640625
0 0.48984375 0.56796875 0.1890625 0.2984375
0 0.8796875 0.4671875 0.08359375 0.1375
0 0.97265625 0.45703125 0.05390625 0.13203125
0 0.7953125 0.43984375 0.078125 0.12578125
0 0.84453125 0.44140625 0.0375 0.1265625
0 0.86015625 0.45078125 0.0890625 0.14140625
0 0.91171875 0.44765625 0.05234375 0.13125
0 0.93046875 0.4125 0.0546875 0.07265625
0 0.98046875 0.39296875 0.0390625 0.03984375