0 0.80859375 0.75546875 0.28359375 0.4875
0 0.9046875 0.6921875 0.190625 0.390625
0 0.4921875 0.60078125 0.2984375 0.2546875
0 0.68125 0.58359375 0.17578125 0.31015625
0 0.55390625 0.5046875 0.11640625 0.09375
0 0.3546875 0.4875 0.10859375 0.17265625
0 0.07265625 0.48125 0.0984375 0.11796875
0 0.0265625 0.46875 0.05234375 0.13984375
0 0.15390625 0.478125 0.0984375 0.15625
0 0.24375 0.47890625 0.1 0.16796875
0 0.2140625 0.41015625 0.0421875 0.0484375
0 0.2765625 0.4109375 0.03046875 0.0390625
0 0.31953125 0.39921875 0.07421875 0.04453125