0 0.36640625 0.696875 0.29453125 0.5015625
0 0.6734375 0.62265625 0.2359375 0.35234375
0 0.28828125 0.4875 0.09765625 0.1421875
0 0.51875 0.56953125 0.14921875 0.28828125
0 0.5734375 0.4578125 0.11640625 0.0984375
0 0.7640625 0.53828125 0.13359375 0.27265625
0 0.66484375 0.434375 0.09765625 0.08671875
0 0.80703125 0.44453125 0.0828125 0.11640625
0 0.8984375 0.478125 0.11484375 0.1921875
0 0.8453125 0.403125 0.0765625 0.046875
0 0.7046875 0.403125 0.03828125 0.028125
0 0.75625 0.4015625 0.0484375 0.02734375