0 0.478125 0.40234375 0.265625 0.290625
0 0.17890625 0.37265625 0.275 0.3609375
0 0.8328125 0.459375 0.19375 0.2546875
0 0.98359375 0.5546875 0.0328125 0.128125
0 0.93671875 0.559375 0.1 0.14375
0 0.88828125 0.5359375 0.090625 0.109375
0 0.76171875 0.5109375 0.128125 0.203125
0 0.8359375 0.58984375 0.0671875 0.0640625
0 0.8171875 0.62421875 0.0375 0.0265625
0 0.759375 0.57890625 0.0875 0.096875
0 0.66015625 0.56328125 0.0859375 0.103125
0 0.5640625 0.58125 0.084375 0.05625
0 0.60859375 0.46953125 0.1421875 0.2484375
0 0.52265625 0.48359375 0.146875 0.1640625
0 0.30546875 0.40703125 0.1328125 0.2921875
0 0.12421875 0.49765625 0.184375 0.1421875
0 0.365625 0.5421875 0.121875 0.1109375
0 0.4953125 0.5625 0.0609375 0.0390625