0 0.0859375 0.69609375 0.171875 0.45234375
0 0.25859375 0.62734375 0.16953125 0.3578125
0 0.3921875 0.6484375 0.24296875 0.4171875
0 0.53203125 0.68828125 0.2859375 0.47890625
0 0.0859375 0.50625 0.14921875 0.16640625
0 0.084375 0.69609375 0.16875 0.44453125
0 0.52578125 0.46796875 0.1140625 0.1046875
0 0.63984375 0.51640625 0.13125 0.2328125
0 0.7390625 0.4515625 0.07578125 0.1390625
0 0.8625 0.47890625 0.10078125 0.14765625
0 0.95546875 0.4734375 0.0890625 0.15
0 0.803125 0.4453125 0.05078125 0.12578125
0 0.83515625 0.39453125 0.03359375 0.03125
0 0.86875 0.41484375 0.053125 0.059375
0 0.9203125 0.45078125 0.065625 0.153125
0 0.9796875 0.39375 0.040625 0.03828125