0 0.7859375 0.6296875 0.3734375 0.415625
0 0.90390625 0.5 0.1921875 0.31875
0 0.73671875 0.48984375 0.1953125 0.24375
0 0.57890625 0.596875 0.3203125 0.378125
0 0.41484375 0.6453125 0.303125 0.4125
0 0.18671875 0.62734375 0.2640625 0.328125
0 0.4734375 0.478125 0.1390625 0.1265625
0 0.30078125 0.50078125 0.1703125 0.153125
0 0.09921875 0.53984375 0.1546875 0.1765625
0 0.32265625 0.44375 0.0890625 0.0890625
0 0.240625 0.4703125 0.1015625 0.09375
0 0.1578125 0.4609375 0.065625 0.0671875
0 0.0515625 0.53671875 0.103125 0.1765625
0 0.096875 0.44609375 0.0453125 0.025