0 0.4875 0.621875 0.2328125 0.2734375
0 0.61015625 0.59453125 0.16953125 0.3265625
0 0.73828125 0.58984375 0.165625 0.2953125
0 0.9546875 0.565625 0.090625 0.29140625
0 0.7703125 0.4515625 0.08359375 0.08671875
0 0.44453125 0.50078125 0.1359375 0.1390625
0 0.26171875 0.56484375 0.1953125 0.23359375
0 0.06484375 0.48125 0.11015625 0.1046875
0 0.165625 0.5140625 0.1375 0.171875
0 0.28828125 0.45703125 0.046875 0.04765625
0 0.34765625 0.5421875 0.096875 0.2125
0 0.3375 0.428125 0.0890625 0.06484375
0 0.51484375 0.4046875 0.04140625 0.02734375