0 0.659375 0.4 0.10625 0.11171875
0 0.5734375 0.38515625 0.06953125 0.11171875
0 0.4875 0.38125 0.075 0.08359375
0 0.41015625 0.38515625 0.1109375 0.10625
0 0.30234375 0.3703125 0.1421875 0.0609375
0 0.28828125 0.484375 0.13984375 0.175
0 0.15390625 0.58984375 0.23515625 0.328125
0 0.4515625 0.64296875 0.21328125 0.39453125
0 0.6125 0.503125 0.134375 0.1203125
0 0.52734375 0.44140625 0.09609375 0.08828125
0 0.7296875 0.73125 0.2875 0.4640625
0 0.92421875 0.6765625 0.15078125 0.4453125
0 0.07421875 0.3640625 0.11015625 0.0796875