0 0.08828125 0.35703125 0.10859375 0.05234375
0 0.37421875 0.36328125 0.0546875 0.03515625
0 0.6203125 0.39375 0.08828125 0.0921875
0 0.553125 0.36875 0.06171875 0.071875
0 0.46171875 0.3984375 0.0953125 0.0765625
0 0.76796875 0.503125 0.13046875 0.24296875
0 0.29296875 0.3703125 0.07734375 0.0484375
0 0.36953125 0.415625 0.04609375 0.08515625
0 0.29140625 0.4234375 0.1296875 0.06796875
0 0.28828125 0.57265625 0.1828125 0.24765625
0 0.4703125 0.553125 0.13515625 0.23671875
0 0.60078125 0.54921875 0.1109375 0.27265625
0 0.5390625 0.43046875 0.0796875 0.0890625