0 0.1625 0.3484375 0.2015625 0.3171875
0 0.38828125 0.4046875 0.2 0.3125
0 0.5921875 0.4484375 0.1578125 0.2671875
0 0.74453125 0.5 0.109375 0.2125
0 0.8671875 0.55234375 0.1296875 0.1515625
0 0.95859375 0.5890625 0.0828125 0.140625
0 0.1921875 0.534375 0.1140625 0.115625
0 0.3046875 0.5203125 0.1171875 0.1265625
0 0.4796875 0.53359375 0.0859375 0.0953125
0 0.6546875 0.59921875 0.0609375 0.0765625
0 0.5671875 0.5875 0.0765625 0.053125
0 0.73046875 0.621875 0.084375 0.078125
0 0.80390625 0.60390625 0.0875 0.0671875
0 0.61015625 0.61328125 0.0484375 0.0328125