0 0.05859375 0.540625 0.1171875 0.259375
0 0.20625 0.63671875 0.1578125 0.3046875
0 0.3734375 0.62578125 0.13125 0.4078125
0 0.5828125 0.62421875 0.1640625 0.38125
0 0.48515625 0.44609375 0.09375 0.1015625
0 0.23359375 0.44296875 0.1734375 0.0921875
0 0.815625 0.55625 0.1421875 0.265625
0 0.703125 0.45078125 0.1 0.1125
0 0.90078125 0.45703125 0.1046875 0.134375
0 0.9546875 0.440625 0.0671875 0.1328125
0 0.98515625 0.43203125 0.0296875 0.1359375
0 0.57265625 0.3890625 0.08125 0.0375
0 0.66875 0.4 0.0515625 0.075