0 0.0578125 0.45078125 0.115625 0.1390625
0 0.12265625 0.4125 0.1734375 0.2203125
0 0.328125 0.37578125 0.296875 0.3140625
0 0.5765625 0.3859375 0.2484375 0.3515625
0 0.753125 0.3890625 0.303125 0.4390625
0 0.87109375 0.43203125 0.2578125 0.4046875
0 0.96796875 0.44296875 0.0640625 0.4046875
0 0.5953125 0.54453125 0.1765625 0.1390625
0 0.51640625 0.53046875 0.175 0.178125
0 0.3484375 0.47890625 0.1671875 0.1390625
0 0.209375 0.45546875 0.1328125 0.1171875
0 0.1640625 0.5046875 0.0734375 0.0578125
0 0.2484375 0.51640625 0.0546875 0.053125
0 0.371875 0.51015625 0.1875 0.1453125