0 0.48046875 0.37890625 0.296875 0.3265625
0 0.36875 0.4375 0.25 0.3609375
0 0.2453125 0.47578125 0.2390625 0.3296875
0 0.06171875 0.5546875 0.1234375 0.30625
0 0.25 0.61796875 0.1046875 0.10625
0 0.5546875 0.48515625 0.16875 0.1703125
0 0.71484375 0.375 0.2515625 0.278125
0 0.92734375 0.40546875 0.134375 0.13125
0 0.82109375 0.4 0.178125 0.203125
0 0.71640625 0.4875 0.0578125 0.0578125
0 0.63671875 0.41953125 0.1484375 0.23125
0 0.6765625 0.52890625 0.103125 0.0859375
0 0.5109375 0.59765625 0.0484375 0.0375