0 0.21328125 0.23671875 0.3453125 0.4734375
0 0.115625 0.2625 0.2265625 0.415625
0 0.5140625 0.4046875 0.3328125 0.29375
0 0.32109375 0.39921875 0.215625 0.334375
0 0.4390625 0.49375 0.1296875 0.109375
0 0.6390625 0.5359375 0.13125 0.1875
0 0.92265625 0.578125 0.1140625 0.13125
0 0.96640625 0.59609375 0.065625 0.146875
0 0.840625 0.57109375 0.11875 0.1703125
0 0.74921875 0.5578125 0.121875 0.18125
0 0.77109375 0.63203125 0.0484375 0.0546875
0 0.70859375 0.6234375 0.034375 0.0421875
0 0.6625 0.6296875 0.08125 0.0546875