0 0.46171875 0.34453125 0.290625 0.3265625
0 0.33671875 0.39453125 0.2328125 0.371875
0 0.20234375 0.4203125 0.225 0.3390625
0 0.02578125 0.478125 0.0515625 0.3125
0 0.19140625 0.57109375 0.103125 0.1046875
0 0.528125 0.465625 0.1671875 0.16875
0 0.709375 0.3671875 0.2453125 0.278125
0 0.93046875 0.42265625 0.134375 0.128125
0 0.81953125 0.40546875 0.1734375 0.2046875
0 0.69921875 0.48515625 0.0578125 0.0578125
0 0.62265625 0.40546875 0.1375 0.240625
0 0.65234375 0.52421875 0.1046875 0.0828125
0 0.46953125 0.578125 0.0484375 0.0359375