0 0.73515625 0.29765625 0.3265625 0.378125
0 0.8875 0.3984375 0.1734375 0.3
0 0.71640625 0.44453125 0.1671875 0.2234375
0 0.53828125 0.37265625 0.2765625 0.3453125
0 0.36796875 0.36015625 0.2546875 0.384375
0 0.1484375 0.425 0.2265625 0.3015625
0 0.46015625 0.51171875 0.125 0.1109375
0 0.2875 0.52578125 0.1546875 0.134375
0 0.08203125 0.52890625 0.134375 0.1609375
0 0.3203125 0.57578125 0.0796875 0.0796875
0 0.23515625 0.5671875 0.0921875 0.08125
0 0.1546875 0.59375 0.0578125 0.0609375
0 0.0390625 0.54296875 0.078125 0.1671875
0 0.09921875 0.62109375 0.0421875 0.01875