0 0.8171875 0.6140625 0.17890625 0.32890625
0 0.503125 0.58671875 0.13671875 0.2484375
0 0.67890625 0.57109375 0.1578125 0.2953125
0 0.57265625 0.5546875 0.10625 0.2515625
0 0.82734375 0.48046875 0.16953125 0.13125
0 0.31484375 0.5765625 0.13515625 0.25625
0 0.19296875 0.55546875 0.1640625 0.25546875
0 0.0140625 0.4296875 0.028125 0.0625
0 0.05546875 0.453125 0.10234375 0.0828125
0 0.0609375 0.48125 0.0953125 0.103125
0 0.11875 0.47734375 0.084375 0.10078125
0 0.11171875 0.41328125 0.1046875 0.05625
0 0.3859375 0.55546875 0.13671875 0.253125
0 0.28515625 0.45234375 0.09453125 0.05078125
0 0.37421875 0.42109375 0.04921875 0.03046875
0 0.45078125 0.446875 0.0828125 0.05625
0 0.584375 0.43984375 0.1828125 0.07578125