0 0.2375 0.32578125 0.3015625 0.409375
0 0.04140625 0.33984375 0.0828125 0.4265625
0 0.0734375 0.3828125 0.146875 0.353125
0 0.16328125 0.5390625 0.1421875 0.1375
0 0.3671875 0.428125 0.1578125 0.275
0 0.45234375 0.46875 0.1375 0.25
0 0.65078125 0.45859375 0.1484375 0.2375
0 0.73046875 0.425 0.1546875 0.221875
0 0.6296875 0.52109375 0.078125 0.1046875
0 0.89140625 0.43828125 0.1578125 0.203125
0 0.96015625 0.4984375 0.0796875 0.15
0 0.8921875 0.53046875 0.1171875 0.078125
0 0.78828125 0.54296875 0.1015625 0.10625
0 0.83828125 0.56328125 0.0390625 0.05