0 0.5390625 0.60703125 0.2015625 0.2515625
0 0.41796875 0.5828125 0.15 0.29609375
0 0.33828125 0.559375 0.09609375 0.2453125
0 0.90390625 0.59609375 0.1921875 0.3078125
0 0.7390625 0.58828125 0.14453125 0.30078125
0 0.81015625 0.51640625 0.08984375 0.23125
0 0.92734375 0.49609375 0.1234375 0.1484375
0 0.621875 0.546875 0.1046875 0.26875
0 0.4953125 0.4671875 0.11796875 0.08828125
0 0.24140625 0.55859375 0.1125 0.234375
0 0.16875 0.51875 0.12734375 0.19296875
0 0.103125 0.4765625 0.1140625 0.1171875
0 0.04921875 0.47578125 0.09453125 0.11953125
0 0.0578125 0.4125 0.0546875 0.0375
0 0.0140625 0.42890625 0.028125 0.04921875
0 0.275 0.43984375 0.08984375 0.071875
0 0.43125 0.42265625 0.08515625 0.05625
0 0.4984375 0.409375 0.05234375 0.03203125