0 0.0609375 0.30234375 0.0796875 0.078125
0 0.2703125 0.3765625 0.096875 0.125
0 0.3921875 0.42734375 0.1375 0.1515625
0 0.40390625 0.353125 0.0546875 0.05
0 0.44453125 0.36953125 0.0515625 0.06875
0 0.49296875 0.41328125 0.0875 0.146875
0 0.6015625 0.43359375 0.078125 0.1546875
0 0.30546875 0.546875 0.2515625 0.2625
0 0.65234375 0.57265625 0.346875 0.221875
0 0.11796875 0.69296875 0.2359375 0.5171875
0 0.453125 0.69453125 0.2578125 0.240625
0 0.6609375 0.81171875 0.621875 0.3765625
0 0.89375 0.7125 0.2125 0.453125