0 0.93203125 0.3640625 0.1359375 0.26875
0 0.7765625 0.29375 0.196875 0.3203125
0 0.61484375 0.334375 0.184375 0.4171875
0 0.409375 0.371875 0.2125 0.3953125
0 0.5359375 0.53046875 0.10625 0.1125
0 0.7828125 0.4890625 0.1828125 0.1140625
0 0.19375 0.47890625 0.1765625 0.2796875
0 0.321875 0.56328125 0.1125 0.1234375
0 0.12734375 0.590625 0.1203125 0.1453125
0 0.07734375 0.61484375 0.084375 0.1390625
0 0.03828125 0.6296875 0.0671875 0.1421875
0 0.4609375 0.60078125 0.0859375 0.0484375
0 0.3640625 0.60625 0.0625 0.08125