0 0.9078125 0.76640625 0.184375 0.4671875
0 0.76796875 0.68046875 0.1890625 0.35390625
0 0.83828125 0.56328125 0.128125 0.12265625
0 0.84765625 0.51328125 0.121875 0.10625
0 0.7296875 0.49765625 0.1265625 0.09375
0 0.29375 0.58203125 0.209375 0.234375
0 0.49921875 0.55859375 0.16484375 0.1953125
0 0.10859375 0.48515625 0.12421875 0.1265625
0 0.2765625 0.4671875 0.0859375 0.08828125
0 0.35390625 0.47890625 0.078125 0.09140625
0 0.40390625 0.44375 0.06484375 0.0625
0 0.4421875 0.5234375 0.0953125 0.1890625
0 0.51640625 0.4484375 0.06953125 0.05078125
0 0.56484375 0.52421875 0.115625 0.19375