0 0.61015625 0.59765625 0.28125 0.2875
0 0.73203125 0.56875 0.2046875 0.26875
0 0.8765625 0.54140625 0.2015625 0.3296875
0 0.76484375 0.4625 0.1125 0.1078125
0 0.484375 0.6125 0.2234375 0.3015625
0 0.3078125 0.61796875 0.19375 0.2515625
0 0.0953125 0.5578125 0.175 0.140625
0 0.2171875 0.5609375 0.1 0.1828125
0 0.26953125 0.5015625 0.109375 0.10625
0 0.41328125 0.5953125 0.1734375 0.296875
0 0.43515625 0.459375 0.0765625 0.05625
0 0.496875 0.45625 0.075 0.0515625
0 0.58125 0.44453125 0.0765625 0.0609375
0 0.5546875 0.4234375 0.09375 0.0625
0 0.6640625 0.4390625 0.1015625 0.0640625
0 0.70859375 0.39921875 0.0578125 0.0421875
0 0.8640625 0.38125 0.0734375 0.040625