0 0.9 0.77421875 0.19921875 0.4515625
0 0.784375 0.70859375 0.209375 0.4015625
0 0.95 0.52109375 0.1 0.084375
0 0.84375 0.52734375 0.11640625 0.13515625
0 0.60078125 0.621875 0.16640625 0.2640625
0 0.67109375 0.528125 0.1171875 0.0921875
0 0.690625 0.4890625 0.0875 0.07890625
0 0.53828125 0.559375 0.10234375 0.1953125
0 0.63203125 0.45859375 0.084375 0.0671875
0 0.5515625 0.4609375 0.09296875 0.07734375
0 0.47421875 0.534375 0.1078125 0.1984375
0 0.3921875 0.5390625 0.10234375 0.2078125
0 0.33515625 0.51796875 0.09921875 0.18671875
0 0.22421875 0.57265625 0.16796875 0.23828125
0 0.1359375 0.4859375 0.08515625 0.12734375
0 0.44140625 0.42578125 0.09140625 0.028125