0 0.07578125 0.3578125 0.07578125 0.06171875
0 0.41328125 0.4015625 0.08828125 0.13515625
0 0.49609375 0.3953125 0.06015625 0.1109375
0 0.57578125 0.38984375 0.07265625 0.10078125
0 0.66796875 0.40703125 0.0828125 0.14375
0 0.70625 0.53359375 0.14609375 0.128125
0 0.55703125 0.459375 0.11953125 0.07265625
0 0.51328125 0.63046875 0.25234375 0.29375
0 0.7328125 0.75625 0.44765625 0.31171875
0 0.28671875 0.3609375 0.10234375 0.05625
0 0.3046875 0.4828125 0.11484375 0.21171875
0 0.18671875 0.55703125 0.20703125 0.325