0 0.29375 0.44296875 0.1296875 0.134375
0 0.38203125 0.415625 0.090625 0.1296875
0 0.4734375 0.39765625 0.0921875 0.1
0 0.55703125 0.38984375 0.1328125 0.1296875
0 0.66875 0.35859375 0.1609375 0.0859375
0 0.7015625 0.478125 0.175 0.20625
0 0.8546875 0.5703125 0.290625 0.384375
0 0.55078125 0.6703125 0.2859375 0.4515625
0 0.35859375 0.54609375 0.1609375 0.1484375
0 0.440625 0.46796875 0.115625 0.109375
0 0.2671875 0.76796875 0.371875 0.4640625
0 0.0828125 0.76484375 0.165625 0.4703125
0 0.91171875 0.3171875 0.128125 0.1