0 0.0859375 0.7625 0.171875 0.4375
0 0.21640625 0.71640625 0.225 0.3953125
0 0.146875 0.5859375 0.146875 0.140625
0 0.13984375 0.53125 0.1390625 0.121875
0 0.26796875 0.52109375 0.1421875 0.109375
0 0.7375 0.6375 0.240625 0.265625
0 0.51484375 0.6 0.1890625 0.2203125
0 0.9375 0.53984375 0.125 0.1421875
0 0.7625 0.5140625 0.0984375 0.1015625
0 0.678125 0.52265625 0.0890625 0.103125
0 0.62578125 0.48046875 0.0734375 0.071875
0 0.5796875 0.56484375 0.1140625 0.2109375
0 0.503125 0.4796875 0.078125 0.059375
0 0.44609375 0.55859375 0.1359375 0.2171875