0 0.6953125 0.3875 0.2375 0.3203125
0 0.5078125 0.409375 0.225 0.3203125
0 0.378125 0.4515625 0.259375 0.328125
0 0.26328125 0.5046875 0.196875 0.321875
0 0.84375 0.37578125 0.190625 0.26875
0 0.95625 0.4265625 0.0875 0.128125
0 0.91328125 0.43671875 0.1140625 0.1234375
0 0.9609375 0.47578125 0.078125 0.0734375
0 0.884375 0.490625 0.1421875 0.1
0 0.64765625 0.528125 0.1 0.09375
0 0.5109375 0.5484375 0.128125 0.1046875
0 0.49375 0.5734375 0.0828125 0.0859375
0 0.4421875 0.60234375 0.0734375 0.0671875
0 0.4109375 0.6 0.084375 0.08125