0 0.8296875 0.6203125 0.1609375 0.28984375
0 0.60703125 0.59296875 0.16015625 0.2859375
0 0.4046875 0.57421875 0.1234375 0.24609375
0 0.25234375 0.54296875 0.0828125 0.196875
0 0.12734375 0.50703125 0.11015625 0.134375
0 0.034375 0.4828125 0.06875 0.12890625
0 0.7796875 0.44453125 0.0984375 0.10078125
0 0.67265625 0.471875 0.1015625 0.1109375
0 0.503125 0.4796875 0.07421875 0.0828125
0 0.3265625 0.4375 0.05078125 0.06953125
0 0.4125 0.4375 0.06875 0.04375
0 0.25078125 0.42421875 0.07421875 0.06640625
0 0.18359375 0.45 0.07890625 0.05625
0 0.36796875 0.41796875 0.0453125 0.0265625