0 0.5234375 0.58359375 0.2375 0.26328125
0 0.80859375 0.59765625 0.24453125 0.3296875
0 0.1859375 0.54765625 0.17109375 0.23359375
0 0.02578125 0.465625 0.05078125 0.12109375
0 0.0828125 0.4578125 0.08828125 0.13203125
0 0.1296875 0.478125 0.08046875 0.1
0 0.25078125 0.4953125 0.11171875 0.1875
0 0.17734375 0.425 0.06015625 0.05703125
0 0.1921875 0.390625 0.03515625 0.02265625
0 0.24921875 0.43125 0.078125 0.0875
0 0.34375 0.44140625 0.0765625 0.09375
0 0.434375 0.41875 0.07734375 0.05
0 0.396875 0.52734375 0.1234375 0.2296875
0 0.478125 0.509375 0.13125 0.15
0 0.6875 0.57109375 0.1125 0.271875
0 0.8546875 0.47734375 0.16875 0.1265625
0 0.62421875 0.446875 0.1109375 0.1
0 0.5 0.43359375 0.05546875 0.034375