0 0.0640625 0.55546875 0.1 0.125
0 0.1203125 0.50546875 0.1453125 0.1984375
0 0.31328125 0.43515625 0.2578125 0.2765625
0 0.55546875 0.403125 0.203125 0.321875
0 0.7265625 0.37578125 0.2453125 0.4046875
0 0.865625 0.3953125 0.2421875 0.3703125
0 0.96953125 0.3875 0.0609375 0.396875
0 0.6 0.55390625 0.159375 0.1171875
0 0.52109375 0.55390625 0.153125 0.1546875
0 0.35078125 0.53203125 0.15 0.1171875
0 0.2125 0.5328125 0.11875 0.1
0 0.17578125 0.58828125 0.0671875 0.0484375
0 0.26015625 0.58515625 0.0484375 0.046875
0 0.378125 0.55859375 0.1703125 0.1203125