0 0.07734375 0.36328125 0.09296875 0.06953125
0 0.284375 0.40859375 0.1359375 0.10703125
0 0.24140625 0.47109375 0.1109375 0.10390625
0 0.31875 0.7140625 0.259375 0.509375
0 0.4046875 0.3828125 0.08671875 0.0984375
0 0.48828125 0.37109375 0.0640625 0.0765625
0 0.565625 0.37734375 0.05546875 0.10703125
0 0.62265625 0.38515625 0.0875 0.103125
0 0.5078125 0.434375 0.090625 0.08125
0 0.6046875 0.53515625 0.10859375 0.2234375
0 0.4703125 0.59609375 0.12578125 0.35625
0 0.78671875 0.6734375 0.22265625 0.3875
0 0.903125 0.5796875 0.178125 0.31953125