0 0.29921875 0.56796875 0.1671875 0.2734375
0 0.47578125 0.5875 0.15546875 0.27578125
0 0.6046875 0.5765625 0.18828125 0.275
0 0.72265625 0.55078125 0.1265625 0.284375
0 0.15859375 0.546875 0.13203125 0.23046875
0 0.05 0.475 0.09453125 0.10859375
0 0.1078125 0.47578125 0.08828125 0.1
0 0.05859375 0.42890625 0.0890625 0.0546875
0 0.14609375 0.43203125 0.12265625 0.06953125
0 0.37265625 0.44765625 0.08046875 0.07265625
0 0.50234375 0.45859375 0.10703125 0.0765625
0 0.52421875 0.4390625 0.065625 0.06875
0 0.578125 0.4234375 0.059375 0.05078125
0 0.60625 0.43203125 0.06640625 0.06328125