0 0.05703125 0.55859375 0.1109375 0.25078125
0 0.203125 0.65 0.1484375 0.29375
0 0.365625 0.6359375 0.1203125 0.39453125
0 0.56953125 0.63125 0.15234375 0.36796875
0 0.47109375 0.45859375 0.08984375 0.096875
0 0.22578125 0.46015625 0.1671875 0.0875
0 0.79375 0.5609375 0.13359375 0.25625
0 0.6828125 0.46015625 0.09453125 0.10703125
0 0.875 0.4625 0.09921875 0.12890625
0 0.92734375 0.446875 0.0625 0.12890625
0 0.9703125 0.4390625 0.05 0.1328125
0 0.55546875 0.4015625 0.0796875 0.0359375
0 0.6484375 0.41171875 0.04921875 0.07265625