0 0.31875 0.7421875 0.41640625 0.515625
0 0.74453125 0.753125 0.4125 0.49375
0 0.89453125 0.60390625 0.21015625 0.38359375
0 0.65859375 0.5203125 0.24609375 0.1984375
0 0.39609375 0.50078125 0.18515625 0.1625
0 0.503125 0.68984375 0.22890625 0.39765625
0 0.41796875 0.42109375 0.11171875 0.1171875
0 0.596875 0.396875 0.0828125 0.128125
0 0.50703125 0.4015625 0.084375 0.1265625
0 0.4515625 0.39609375 0.0625 0.109375
0 0.3765625 0.3796875 0.07109375 0.08046875
0 0.29375 0.40390625 0.09140625 0.11953125