0 0.0640625 0.79609375 0.128125 0.3921875
0 0.14375 0.77578125 0.2421875 0.440625
0 0.08046875 0.57890625 0.1328125 0.153125
0 0.35078125 0.6890625 0.1921875 0.2984375
0 0.27421875 0.58203125 0.1328125 0.1046875
0 0.253125 0.53828125 0.1 0.090625
0 0.421875 0.6203125 0.11875 0.2203125
0 0.31953125 0.50546875 0.0953125 0.078125
0 0.409375 0.509375 0.1046875 0.0890625
0 0.49453125 0.59296875 0.125 0.2234375
0 0.58671875 0.6 0.11875 0.234375
0 0.65078125 0.57734375 0.115625 0.2109375
0 0.77421875 0.640625 0.1921875 0.2703125
0 0.87421875 0.5453125 0.0984375 0.14375
0 0.534375 0.4734375 0.103125 0.0328125