0 0.046875 0.85703125 0.053125 0.14375
0 0.125 0.8109375 0.059375 0.1515625
0 0.4125 0.7171875 0.053125 0.1765625
0 0.4203125 0.340625 0.059375 0.2078125
0 0.5265625 0.50625 0.059375 0.2
0 0.23984375 0.03828125 0.0703125 0.0609375
0 0.56640625 0.090625 0.0703125 0.18125
0 0.6890625 0.08984375 0.071875 0.1796875
0 0.6953125 0.2375 0.0609375 0.1328125
0 0.84453125 0.06484375 0.0796875 0.1296875
0 0.9859375 0.45 0.028125 0.19375
0 0.715625 0.81015625 0.046875 0.1625
0 0.54140625 0.87578125 0.04375 0.146875
0 0.57578125 0.8875 0.028125 0.125
0 0.6171875 0.88828125 0.0328125 0.140625
0 0.5921875 0.80859375 0.034375 0.1234375
0 0.98984375 0.84296875 0.0203125 0.1421875
0 0.44453125 0.94375 0.0359375 0.1125
0 0.79140625 0.91875 0.0359375 0.1421875
0 0.828125 0.93046875 0.034375 0.1171875
0 0.64296875 0.96328125 0.0203125 0.0640625
0 0.19375 0.5046875 0.040625 0.1765625
0 0.2609375 0.48828125 0.0421875 0.14375
0 0.2234375 0.48125 0.04375 0.171875