0 0.5578125 0.66484375 0.0609375 0.1984375
0 0.8296875 0.66875 0.0609375 0.19375
0 0.76875 0.8578125 0.065625 0.17265625
0 0.5 0.653125 0.0578125 0.23203125
0 0.41171875 0.46875 0.05546875 0.1640625
0 0.046875 0.69375 0.0703125 0.2015625
0 0.08984375 0.2796875 0.06328125 0.178125
0 0.0296875 0.165625 0.0453125 0.128125
0 0.0203125 0.3859375 0.040625 0.178125
0 0.3984375 0.18984375 0.05 0.17265625
0 0.4984375 0.203125 0.05 0.1640625
0 0.534375 0.19609375 0.03515625 0.1453125
0 0.67734375 0.09296875 0.0359375 0.13984375
0 0.7328125 0.0828125 0.040625 0.153125
0 0.83984375 0.1 0.0484375 0.14765625
0 0.959375 0.15390625 0.0484375 0.146875
0 0.475 0.059375 0.03203125 0.1125
0 0.50390625 0.059375 0.02578125 0.11796875
0 0.55546875 0.125 0.02578125 0.11953125
0 0.2203125 0.51171875 0.040625 0.16015625
0 0.25234375 0.503125 0.03359375 0.14765625
0 0.18828125 0.48671875 0.034375 0.18203125