0 0.41796875 0.9296875 0.0890625 0.140625
0 0.65859375 0.6796875 0.0859375 0.2265625
0 0.24765625 0.7609375 0.0921875 0.2203125
0 0.39140625 0.5359375 0.06875 0.184375
0 0.21328125 0.528125 0.0859375 0.1921875
0 0.20859375 0.359375 0.0875 0.1921875
0 0.60546875 0.25546875 0.0671875 0.1734375
0 0.60078125 0.4671875 0.071875 0.2109375
0 0.97734375 0.7875 0.0453125 0.228125
0 0.9375 0.11171875 0.059375 0.159375
0 0.865625 0.0484375 0.05625 0.096875
0 0.8671875 0.44296875 0.0703125 0.2109375
0 0.6859375 0.2796875 0.0609375 0.184375
0 0.48671875 0.1953125 0.0640625 0.1515625
0 0.44296875 0.12734375 0.05625 0.1515625
0 0.54765625 0.09453125 0.04375 0.1546875
0 0.51953125 0.0875 0.0359375 0.1390625
0 0.4984375 0.10234375 0.034375 0.1359375
0 0.38671875 0.06171875 0.034375 0.1078125
0 0.5828125 0.03125 0.0375 0.0625
0 0.78125 0.03984375 0.040625 0.0796875
0 0.68046875 0.1703125 0.0390625 0.084375
0 0.35703125 0.18359375 0.0421875 0.140625
0 0.32890625 0.1671875 0.046875 0.15
0 0.22890625 0.10078125 0.0359375 0.1421875
0 0.26640625 0.05859375 0.0265625 0.08125
0 0.28515625 0.06171875 0.0265625 0.0875
0 0.06953125 0.20625 0.0515625 0.140625
0 0.0171875 0.20390625 0.034375 0.1390625
0 0.121875 0.07421875 0.03125 0.0875
0 0.1 0.07578125 0.028125 0.0859375
0 0.06875 0.08515625 0.040625 0.1
0 0.80625 0.509375 0.059375 0.1671875
0 0.76328125 0.5 0.0515625 0.1421875