0 0.540625 0.934375 0.1 0.13125
0 0.3375 0.6734375 0.1046875 0.2203125
0 0.72109375 0.7921875 0.109375 0.215625
0 0.60703125 0.5640625 0.0828125 0.1796875
0 0.77734375 0.57421875 0.1 0.1890625
0 0.7984375 0.4140625 0.1015625 0.1875
0 0.4296875 0.275 0.0796875 0.16875
0 0.41484375 0.47734375 0.0890625 0.2046875
0 0.02734375 0.74296875 0.0546875 0.2265625
0 0.12890625 0.1046875 0.071875 0.15625
0 0.2046875 0.05 0.06875 0.1
0 0.16171875 0.42734375 0.0875 0.2046875
0 0.3515625 0.28984375 0.075 0.178125
0 0.55 0.2296875 0.075 0.1484375
0 0.5984375 0.16875 0.0671875 0.146875
0 0.50234375 0.12734375 0.05625 0.1484375
0 0.5296875 0.1234375 0.0484375 0.1328125
0 0.54765625 0.13984375 0.046875 0.13125
0 0.66015625 0.11171875 0.04375 0.10625
0 0.478125 0.04765625 0.046875 0.0953125
0 0.2875 0.0453125 0.053125 0.090625
0 0.36796875 0.1859375 0.046875 0.0828125
0 0.675 0.23125 0.0546875 0.1359375
0 0.703125 0.21875 0.0578125 0.1453125
0 0.80546875 0.165625 0.0484375 0.1359375
0 0.778125 0.10546875 0.040625 0.1125
0 0.75546875 0.12265625 0.0328125 0.084375
0 0.946875 0.28203125 0.0625 0.1375
0 0.98671875 0.28515625 0.0265625 0.1359375
0 0.9125 0.140625 0.0421875 0.10625
0 0.934375 0.1421875 0.040625 0.109375
0 0.96328125 0.15234375 0.053125 0.1265625
0 0.2140625 0.49609375 0.0734375 0.1625
0 0.25546875 0.49140625 0.0625 0.1390625