0 0.41328125 0.1578125 0.115625 0.209375
0 0.50546875 0.1171875 0.1265625 0.225
0 0.61484375 0.0390625 0.1046875 0.078125
0 0.66328125 0.15390625 0.11875 0.2109375
0 0.83125 0.0984375 0.146875 0.196875
0 0.6515625 0.55078125 0.1203125 0.2234375
0 0.5640625 0.64296875 0.0890625 0.1765625
0 0.50390625 0.68515625 0.0859375 0.1625
0 0.39765625 0.715625 0.109375 0.1859375
0 0.0953125 0.69375 0.109375 0.2203125
0 0.11484375 0.87578125 0.078125 0.159375
0 0.30234375 0.9234375 0.0890625 0.153125
0 0.38515625 0.93828125 0.0796875 0.1234375
0 0.46328125 0.9328125 0.0765625 0.134375
0 0.58125 0.92578125 0.06875 0.1359375
0 0.6140625 0.91484375 0.071875 0.14375
0 0.7453125 0.8796875 0.0703125 0.15
0 0.7890625 0.86796875 0.0859375 0.1546875
0 0.95859375 0.74375 0.0828125 0.184375
0 0.81875 0.40390625 0.0765625 0.1671875
0 0.78828125 0.40390625 0.08125 0.1703125
0 0.75546875 0.4296875 0.0765625 0.1609375
0 0.43203125 0.340625 0.1140625 0.21875
0 0.35 0.4640625 0.0984375 0.1765625
0 0.50703125 0.7953125 0.0796875 0.1671875