0 0.0421875 0.61953125 0.0765625 0.209375
0 0.07421875 0.88515625 0.053125 0.22890625
0 0.12734375 0.9515625 0.059375 0.096875
0 0.375 0.88671875 0.0734375 0.2265625
0 0.55703125 0.90859375 0.06640625 0.18203125
0 0.64140625 0.828125 0.06953125 0.2203125
0 0.53828125 0.71640625 0.05 0.20078125
0 0.56953125 0.53046875 0.05 0.19453125
0 0.4921875 0.41484375 0.046875 0.16640625
0 0.534375 0.32578125 0.04765625 0.16953125
0 0.3125 0.39375 0.046875 0.125
0 0.31328125 0.52734375 0.05859375 0.17421875
0 0.0578125 0.1625 0.0390625 0.14296875
0 0.1140625 0.0921875 0.04921875 0.13203125
0 0.39375 0.234375 0.03671875 0.13515625
0 0.37265625 0.3328125 0.0515625 0.16484375
0 0.38046875 0.08125 0.0375 0.12890625
0 0.42578125 0.10234375 0.03046875 0.15625
0 0.4578125 0.1015625 0.03046875 0.146875
0 0.4890625 0.1203125 0.0328125 0.1375
0 0.58984375 0.23359375 0.04140625 0.1546875
0 0.62578125 0.29140625 0.0375 0.14140625
0 0.73203125 0.0984375 0.02890625 0.16328125
0 0.88359375 0.1140625 0.03359375 0.153125
0 0.87265625 0.39375 0.04765625 0.184375
0 0.9390625 0.3125 0.04140625 0.17890625
0 0.97109375 0.41875 0.0484375 0.1828125
0 0.89765625 0.746875 0.09140625 0.19609375
0 0.90078125 0.92578125 0.0828125 0.1484375
0 0.1890625 0.50703125 0.03828125 0.17578125
0 0.2515625 0.525 0.04140625 0.146875
0 0.2203125 0.53671875 0.03359375 0.14140625