0 0.86796875 0.08046875 0.1171875 0.1609375
0 0.309375 0.14375 0.0890625 0.2234375
0 0.209375 0.2578125 0.0921875 0.1875
0 0.13203125 0.41328125 0.08125 0.2046875
0 0.00703125 0.40078125 0.0140625 0.2046875
0 0.16328125 0.5890625 0.0734375 0.1796875
0 0.353125 0.5328125 0.06875 0.1625
0 0.5921875 0.37421875 0.0796875 0.2125
0 0.8375 0.35390625 0.084375 0.203125
0 0.97578125 0.76015625 0.0484375 0.1421875
0 0.575 0.54921875 0.0671875 0.190625
0 0.63125 0.75 0.065625 0.1546875
0 0.68046875 0.6 0.0734375 0.159375
0 0.70234375 0.7171875 0.04375 0.0953125
0 0.50703125 0.73828125 0.059375 0.153125
0 0.0734375 0.8109375 0.06875 0.15
0 0.11640625 0.95234375 0.0546875 0.0953125
0 0.171875 0.959375 0.04375 0.08125
0 0.15078125 0.96328125 0.0421875 0.0734375
0 0.48046875 0.8109375 0.0578125 0.1484375
0 0.4375 0.89375 0.046875 0.11875
0 0.3921875 0.8640625 0.046875 0.13125
0 0.37421875 0.88046875 0.0453125 0.14375
0 0.28046875 0.92890625 0.0453125 0.1421875
0 0.5734375 0.88046875 0.0515625 0.1421875
0 0.603125 0.8765625 0.046875 0.1453125
0 0.8921875 0.89296875 0.0578125 0.1171875
0 0.76171875 0.38828125 0.059375 0.1796875
0 0.7265625 0.41640625 0.065625 0.1609375