0 0.9796875 0.440625 0.040625 0.190625
0 0.8578125 0.80859375 0.06875 0.1625
0 0.915625 0.8953125 0.0625 0.1296875
0 0.8125 0.54921875 0.059375 0.1671875
0 0.74765625 0.53359375 0.0546875 0.1578125
0 0.7828125 0.52109375 0.059375 0.1609375
0 0.5953125 0.46640625 0.078125 0.1765625
0 0.503125 0.44140625 0.075 0.1890625
0 0.4359375 0.2296875 0.0828125 0.1984375
0 0.509375 0.03828125 0.08125 0.0765625
0 0.3765625 0.08203125 0.078125 0.1640625
0 0.22265625 0.178125 0.0859375 0.215625
0 0.28203125 0.0375 0.0734375 0.075
0 0.396875 0.81953125 0.04375 0.128125
0 0.421875 0.825 0.04375 0.1375
0 0.45078125 0.83125 0.053125 0.15
0 0.56875 0.7796875 0.0671875 0.171875
0 0.49453125 0.94296875 0.04375 0.1125
0 0.42265625 0.93203125 0.0421875 0.0890625
0 0.378125 0.91484375 0.0421875 0.1046875
0 0.27578125 0.84140625 0.05625 0.1453125
0 0.346875 0.9453125 0.028125 0.0765625
0 0.209375 0.8859375 0.0453125 0.140625
0 0.065625 0.82109375 0.0546875 0.140625
0 0.0375 0.82109375 0.0390625 0.1484375
0 0.0140625 0.85390625 0.028125 0.1296875
0 0.05390625 0.34375 0.09375 0.20625