0 0.071875 0.85546875 0.08359375 0.2140625
0 0.60234375 0.83125 0.05546875 0.20390625
0 0.71015625 0.7390625 0.06328125 0.16875
0 0.80234375 0.60390625 0.0515625 0.1859375
0 0.9578125 0.634375 0.06796875 0.1921875
0 0.79609375 0.4375 0.04609375 0.1625
0 0.6125 0.465625 0.04453125 0.14765625
0 0.3703125 0.58125 0.0484375 0.19453125
0 0.1390625 0.56796875 0.053125 0.18515625
0 0.05703125 0.17109375 0.03984375 0.12890625
0 0.40859375 0.4203125 0.0390625 0.17421875
0 0.38203125 0.22734375 0.04140625 0.13984375
0 0.3171875 0.36015625 0.04921875 0.14296875
0 0.31171875 0.2484375 0.0296875 0.0859375
0 0.496875 0.2546875 0.03671875 0.1390625
0 0.90859375 0.24375 0.04609375 0.13515625
0 0.95625 0.228125 0.03515625 0.1265625
0 0.88984375 0.08125 0.03203125 0.13671875
0 0.8390625 0.07109375 0.025 0.1171875
0 0.85859375 0.06953125 0.025 0.1109375
0 0.53046875 0.190625 0.0359375 0.1359375
0 0.58125 0.11953125 0.02890625 0.10859375
0 0.61875 0.153125 0.028125 0.1203125
0 0.63828125 0.13984375 0.02421875 0.13203125
0 0.73125 0.10546875 0.025 0.13359375
0 0.453125 0.1140625 0.03046875 0.13046875
0 0.425 0.11328125 0.025 0.134375
0 0.159375 0.0578125 0.040625 0.1140625
0 0.2140625 0.54609375 0.03359375 0.165625
0 0.25078125 0.525 0.04140625 0.146875