0 0.83984375 0.078125 0.1328125 0.15625
0 0.3015625 0.178125 0.1015625 0.221875
0 0.21171875 0.29609375 0.1015625 0.1859375
0 0.14609375 0.4546875 0.09375 0.2015625
0 0.01796875 0.4546875 0.0359375 0.203125
0 0.18828125 0.62421875 0.0828125 0.178125
0 0.3703125 0.55546875 0.078125 0.1609375
0 0.59453125 0.384375 0.0921875 0.2109375
0 0.834375 0.346875 0.0953125 0.2015625
0 0.98515625 0.7359375 0.0296875 0.140625
0 0.590625 0.5578125 0.078125 0.1875
0 0.659375 0.75 0.0734375 0.153125
0 0.696875 0.59921875 0.08125 0.1578125
0 0.7265625 0.7125 0.05 0.09375
0 0.5359375 0.74609375 0.06875 0.1515625
0 0.115625 0.84765625 0.0765625 0.1484375
0 0.07890625 0.87265625 0.0484375 0.134375
0 0.1703125 0.96875 0.0625 0.0625
0 0.22578125 0.9734375 0.0515625 0.053125
0 0.2046875 0.978125 0.05 0.04375
0 0.515625 0.8203125 0.065625 0.146875
0 0.47890625 0.90390625 0.053125 0.1171875
0 0.4328125 0.878125 0.0546875 0.1296875
0 0.415625 0.8953125 0.0546875 0.140625
0 0.32734375 0.93984375 0.0546875 0.1203125
0 0.6109375 0.88125 0.059375 0.140625
0 0.63984375 0.87578125 0.0546875 0.14375
0 0.9234375 0.86875 0.0640625 0.109375
0 0.7625 0.3859375 0.0703125 0.1765625
0 0.7296875 0.41640625 0.0734375 0.159375