0 0.0203125 0.62734375 0.040625 0.1859375
0 0.103125 0.24765625 0.04609375 0.15625
0 0.034375 0.16953125 0.04609375 0.12421875
0 0.18359375 0.49609375 0.0359375 0.16328125
0 0.24921875 0.503125 0.03359375 0.15390625
0 0.2171875 0.5203125 0.0375 0.15703125
0 0.4078125 0.5484375 0.05546875 0.16875
0 0.50234375 0.56015625 0.05 0.1828125
0 0.5984375 0.75859375 0.05625 0.19140625
0 0.55390625 0.9625 0.0703125 0.075
0 0.6765625 0.90078125 0.0546875 0.1671875
0 0.815625 0.78046875 0.05703125 0.20859375
0 0.778125 0.94609375 0.059375 0.1078125
0 0.55546875 0.17265625 0.02578125 0.125
0 0.5296875 0.1703125 0.025 0.134375
0 0.5 0.16796875 0.03359375 0.1453125
0 0.39140625 0.2359375 0.04296875 0.1671875
0 0.44140625 0.06484375 0.028125 0.109375
0 0.5140625 0.065625 0.03046875 0.08515625
0 0.5609375 0.07578125 0.02890625 0.1015625
0 0.6703125 0.134375 0.0359375 0.14140625
0 0.58671875 0.04140625 0.0171875 0.07890625
0 0.73046875 0.08125 0.02578125 0.1375
0 0.88046875 0.125 0.0359375 0.1359375
0 0.90859375 0.121875 0.01875 0.14609375
0 0.934375 0.084375 0.025 0.1265625
0 0.96328125 0.084375 0.02734375 0.128125
0 0.97890625 0.14765625 0.0359375 0.128125
0 0.9578125 0.59375 0.0671875 0.19765625