0 0.51640625 0.66328125 0.1 0.2125
0 0.790625 0.7203125 0.1 0.2078125
0 0.69140625 0.9 0.1 0.1875
0 0.459375 0.63984375 0.1046875 0.246875
0 0.40625 0.43671875 0.0890625 0.1765625
0 0.0234375 0.59296875 0.046875 0.2140625
0 0.1171875 0.18125 0.0984375 0.1921875
0 0.08828125 0.0609375 0.0484375 0.121875
0 0.040625 0.2765625 0.046875 0.184375
0 0.44765625 0.15078125 0.084375 0.184375
0 0.546875 0.18359375 0.0828125 0.175
0 0.584375 0.184375 0.0640625 0.1546875
0 0.74921875 0.11015625 0.0625 0.14375
0 0.80546875 0.11953125 0.06875 0.1421875
0 0.9109375 0.14609375 0.078125 0.1546875
0 0.9921875 0.22421875 0.015625 0.1578125
0 0.5484375 0.046875 0.05 0.09375
0 0.57734375 0.05234375 0.04375 0.0953125
0 0.6203125 0.115625 0.05 0.1265625
0 0.20390625 0.44140625 0.0734375 0.1703125
0 0.2390625 0.4390625 0.0625 0.15625
0 0.1765625 0.41015625 0.0703125 0.190625