0 0.9578125 0.3734375 0.0796875 0.2125
0 0.91953125 0.1109375 0.0578125 0.221875
0 0.86640625 0.0453125 0.0609375 0.090625
0 0.6171875 0.1125 0.078125 0.225
0 0.43515625 0.0921875 0.0703125 0.184375
0 0.3515625 0.1734375 0.0734375 0.2234375
0 0.45703125 0.284375 0.0546875 0.203125
0 0.428125 0.471875 0.0546875 0.196875
0 0.50859375 0.5875 0.05 0.16875
0 0.46796875 0.67734375 0.0515625 0.171875
0 0.68984375 0.6046875 0.0484375 0.1265625
0 0.68671875 0.4703125 0.0609375 0.1765625
0 0.95078125 0.83359375 0.0421875 0.14375
0 0.89453125 0.9046875 0.0515625 0.134375
0 0.6109375 0.76640625 0.0390625 0.1359375
0 0.63046875 0.6671875 0.0546875 0.1671875
0 0.6265625 0.9203125 0.0390625 0.1296875
0 0.58125 0.9 0.0328125 0.1578125
0 0.5484375 0.90078125 0.034375 0.1484375
0 0.5171875 0.88359375 0.0359375 0.1390625
0 0.41328125 0.77109375 0.04375 0.15625
0 0.3765625 0.71328125 0.040625 0.1421875
0 0.27265625 0.90859375 0.03125 0.1640625
0 0.11953125 0.89609375 0.0359375 0.1546875
0 0.12578125 0.61484375 0.0515625 0.1859375
0 0.0609375 0.69765625 0.0453125 0.1796875
0 0.0265625 0.5921875 0.0515625 0.184375
0 0.0953125 0.26015625 0.0953125 0.2
0 0.08828125 0.08125 0.0875 0.1484375
0 0.81171875 0.48828125 0.040625 0.1765625
0 0.7484375 0.47109375 0.04375 0.1484375
0 0.7796875 0.46015625 0.0359375 0.1421875