0 0.06640625 0.1171875 0.0859375 0.2078125
0 0.25234375 0.2296875 0.078125 0.2078125
0 0.48203125 0.51640625 0.0546875 0.165625
0 0.4734375 0.36328125 0.0578125 0.184375
0 0.35078125 0.45625 0.0640625 0.2078125
0 0.25 0.421875 0.0609375 0.1640625
0 0.14609375 0.52265625 0.04375 0.175
0 0.21328125 0.51875 0.04375 0.14375
0 0.1796875 0.496875 0.0421875 0.159375
0 0.02265625 0.88203125 0.021875 0.1296875
0 0.09296875 0.93359375 0.0515625 0.1328125
0 0.22109375 0.953125 0.0359375 0.09375
0 0.36953125 0.93046875 0.0390625 0.1390625
0 0.34453125 0.87265625 0.046875 0.14375
0 0.46875 0.78671875 0.0421875 0.1625
0 0.4203125 0.95234375 0.0375 0.0953125
0 0.4484375 0.953125 0.03125 0.09375
0 0.6171875 0.86328125 0.046875 0.134375
0 0.9640625 0.45234375 0.06875 0.2140625
0 0.65390625 0.52890625 0.059375 0.2171875
0 0.60546875 0.59609375 0.05 0.1625
0 0.53359375 0.5578125 0.04375 0.15625
0 0.55390625 0.709375 0.0484375 0.1609375
0 0.7296875 0.92578125 0.0375 0.134375
0 0.82421875 0.77734375 0.0625 0.1625
0 0.94609375 0.840625 0.040625 0.1234375
0 0.97578125 0.834375 0.034375 0.14375
0 0.93203125 0.70859375 0.059375 0.1703125
0 0.61875 0.96953125 0.0234375 0.053125
0 0.490625 0.975 0.0375 0.05