0 0.41171875 0.3109375 0.06875 0.2109375
0 0.12265625 0.3109375 0.06875 0.20625
0 0.18359375 0.109375 0.0734375 0.184375
0 0.4734375 0.321875 0.065625 0.246875
0 0.56953125 0.51484375 0.0625 0.175
0 0.953125 0.2703125 0.078125 0.215625
0 0.915625 0.7109375 0.0703125 0.190625
0 0.97734375 0.8296875 0.0453125 0.1375
0 0.98203125 0.596875 0.0359375 0.190625
0 0.5890625 0.81171875 0.05625 0.184375
0 0.4828125 0.79921875 0.0546875 0.175
0 0.44453125 0.80703125 0.040625 0.1546875
0 0.29453125 0.9203125 0.040625 0.15
0 0.2359375 0.925 0.046875 0.15
0 0.12265625 0.915625 0.0546875 0.1578125
0 0.01328125 0.86015625 0.0171875 0.1546875
0 0.51015625 0.94609375 0.0375 0.1078125
0 0.47890625 0.9453125 0.0296875 0.109375
0 0.42421875 0.88359375 0.0296875 0.1265625
0 0.771875 0.46640625 0.0453125 0.1703125
0 0.73828125 0.4765625 0.0375 0.1578125
0 0.80625 0.4921875 0.040625 0.19375