0 0.9375 0.93671875 0.0375 0.1265625
0 0.8765625 0.89453125 0.075 0.1609375
0 0.58984375 0.77265625 0.0703125 0.1859375
0 0.615625 0.38515625 0.0796875 0.2171875
0 0.49140625 0.5453125 0.078125 0.209375
0 0.82890625 0.07890625 0.0796875 0.0921875
0 0.4890625 0.1046875 0.090625 0.209375
0 0.3625 0.0984375 0.090625 0.196875
0 0.34296875 0.25390625 0.075 0.140625
0 0.20625 0.0671875 0.096875 0.134375
0 0.0234375 0.4453125 0.046875 0.203125
0 0.27109375 0.83984375 0.0609375 0.16875
0 0.44375 0.921875 0.0578125 0.1515625
0 0.40703125 0.93046875 0.0390625 0.125
0 0.365625 0.921875 0.0453125 0.13125
0 0.39765625 0.84921875 0.0453125 0.1296875
0 0.5390625 0.971875 0.040625 0.05625
0 0.18671875 0.91875 0.04375 0.0953125
0 0.1484375 0.92734375 0.0390625 0.06875
0 0.83359375 0.5734375 0.05625 0.1828125
0 0.765625 0.55078125 0.0546875 0.15
0 0.80546875 0.546875 0.0609375 0.1796875