0 0.10546875 0.2203125 0.11875 0.228125
0 0.44453125 0.1953125 0.1171875 0.253125
0 0.584375 0.38671875 0.0890625 0.196875
0 0.70390625 0.35390625 0.109375 0.234375
0 0.8390625 0.74765625 0.0921875 0.1890625
0 0.94296875 0.71640625 0.0859375 0.20625
0 0.67109375 0.940625 0.0765625 0.11875
0 0.5765625 0.740625 0.078125 0.16875
0 0.57421875 0.57734375 0.0875 0.184375
0 0.49765625 0.51875 0.0984375 0.2078125
0 0.50625 0.63046875 0.08125 0.203125
0 0.3046875 0.51953125 0.090625 0.1625
0 0.33046875 0.3578125 0.1 0.2015625
0 0.084375 0.8609375 0.071875 0.1390625
0 0.0140625 0.76796875 0.028125 0.1640625
0 0.33515625 0.715625 0.08125 0.19375
0 0.43359375 0.8578125 0.0640625 0.15625
0 0.3890625 0.903125 0.0640625 0.15
0 0.33515625 0.81953125 0.075 0.140625
0 0.29921875 0.9203125 0.0671875 0.10625
0 0.35625 0.9046875 0.0640625 0.1546875
0 0.1875 0.43828125 0.0828125 0.1953125
0 0.23515625 0.41484375 0.0828125 0.1921875
0 0.8859375 0.88203125 0.0859375 0.1625
0 0.8484375 0.95 0.0625 0.1
0 0.03515625 0.8671875 0.0703125 0.109375
0 0.88359375 0.953125 0.0546875 0.09375
0 0.58828125 0.79140625 0.0671875 0.1453125