0 0.44296875 0.1671875 0.09375 0.21875
0 0.33515625 0.1578125 0.1046875 0.2359375
0 0.18828125 0.08828125 0.0953125 0.13125
0 0.1875 0.25078125 0.096875 0.21875
0 0.02578125 0.2328125 0.0515625 0.2375
0 0.33828125 0.65078125 0.096875 0.2359375
0 0.46015625 0.71328125 0.0703125 0.1875
0 0.534375 0.73515625 0.0671875 0.1703125
0 0.65390625 0.7296875 0.0890625 0.19375
0 0.95390625 0.60078125 0.0828125 0.2328125
0 0.98359375 0.7921875 0.0328125 0.16875
0 0.8234375 0.9015625 0.0671875 0.146875
0 0.74921875 0.9328125 0.0546875 0.096875
0 0.6609375 0.946875 0.05625 0.0859375
0 0.53671875 0.96875 0.046875 0.0625
0 0.49921875 0.96640625 0.0484375 0.0671875
0 0.35546875 0.96875 0.0453125 0.0625
0 0.30625 0.96953125 0.0625 0.0609375
0 0.08359375 0.93046875 0.0765625 0.1390625
0 0.11640625 0.559375 0.0578125 0.178125
0 0.14765625 0.54921875 0.0609375 0.1796875
0 0.190625 0.5640625 0.0578125 0.1703125
0 0.4875 0.359375 0.0890625 0.23125
0 0.61484375 0.45625 0.0796875 0.184375
0 0.57109375 0.84921875 0.059375 0.178125