0 0.015625 0.6515625 0.0296875 0.2328125
0 0.04140625 0.90859375 0.0515625 0.1828125
0 0.0953125 0.98046875 0.06875 0.0390625
0 0.36640625 0.90078125 0.0921875 0.1984375
0 0.56953125 0.91953125 0.08125 0.1578125
0 0.66015625 0.85078125 0.0890625 0.2484375
0 0.5390625 0.7328125 0.0671875 0.225
0 0.56328125 0.525 0.0671875 0.21875
0 0.4703125 0.40078125 0.0625 0.1875
0 0.5125 0.29921875 0.0625 0.190625
0 0.26953125 0.3875 0.059375 0.1421875
0 0.278125 0.5359375 0.075 0.196875
0 0.0328125 0.08046875 0.059375 0.115625
0 0.35 0.20703125 0.0484375 0.1515625
0 0.33203125 0.3171875 0.0671875 0.1859375
0 0.328125 0.05859375 0.046875 0.1015625
0 0.37890625 0.07421875 0.040625 0.1390625
0 0.41484375 0.0703125 0.040625 0.134375
0 0.45 0.0765625 0.04375 0.15
0 0.56875 0.19375 0.0546875 0.1734375
0 0.6109375 0.25546875 0.05 0.159375
0 0.71796875 0.06328125 0.0390625 0.1265625
0 0.8875 0.06484375 0.04375 0.1296875
0 0.89140625 0.35546875 0.0640625 0.2078125
0 0.96015625 0.2609375 0.05625 0.2
0 0.984375 0.37734375 0.03125 0.2046875
0 0.9390625 0.7453125 0.1125 0.2234375
0 0.9515625 0.91796875 0.096875 0.1203125
0 0.13984375 0.52109375 0.053125 0.196875
0 0.209375 0.5375 0.0546875 0.1640625
0 0.17578125 0.5515625 0.0453125 0.159375