0 0.1265625 0.8921875 0.075 0.21328125
0 0.2984375 0.76875 0.06796875 0.19453125
0 0.021875 0.63125 0.0421875 0.1828125
0 0.50625 0.48984375 0.04609375 0.1546875
0 0.503125 0.634375 0.0484375 0.1734375
0 0.384375 0.55078125 0.05390625 0.1953125
0 0.28984375 0.58671875 0.053125 0.15390625
0 0.1875 0.49453125 0.0359375 0.1640625
0 0.2515625 0.49609375 0.0359375 0.13515625
0 0.22109375 0.51796875 0.03515625 0.15
0 0.05078125 0.15859375 0.034375 0.121875
0 0.12421875 0.0953125 0.04453125 0.14921875
0 0.24453125 0.06875 0.03125 0.11953125
0 0.38671875 0.0984375 0.03203125 0.1328125
0 0.3640625 0.15625 0.0390625 0.13515625
0 0.48515625 0.234375 0.03515625 0.15234375
0 0.434375 0.06171875 0.03203125 0.12265625
0 0.46171875 0.0609375 0.02734375 0.121875
0 0.6234375 0.15625 0.03984375 0.1265625
0 0.965625 0.53359375 0.05859375 0.2015625
0 0.66953125 0.47109375 0.0484375 0.203125
0 0.62109375 0.409375 0.0421875 0.15234375
0 0.55390625 0.4484375 0.03671875 0.146875
0 0.56875 0.30390625 0.040625 0.15078125
0 0.72890625 0.08515625 0.03125 0.14609375
0 0.821875 0.23125 0.053125 0.1515625
0 0.9359375 0.16640625 0.03515625 0.115625
0 0.9640625 0.171875 0.028125 0.134375
0 0.9265625 0.29296875 0.05 0.159375
0 0.621875 0.04453125 0.02109375 0.07265625
0 0.50078125 0.0390625 0.03359375 0.078125