0 0.984375 0.41796875 0.03125 0.2015625
0 0.86640625 0.8109375 0.06875 0.171875
0 0.92890625 0.903125 0.0640625 0.1375
0 0.81328125 0.53671875 0.059375 0.178125
0 0.74453125 0.5203125 0.05625 0.1671875
0 0.78203125 0.50703125 0.059375 0.171875
0 0.5828125 0.4515625 0.08125 0.1859375
0 0.484375 0.42734375 0.0765625 0.2
0 0.40859375 0.2046875 0.084375 0.2109375
0 0.48046875 0.01875 0.0796875 0.0375
0 0.34296875 0.06796875 0.0765625 0.1359375
0 0.18203125 0.153125 0.0875 0.228125
0 0.2390625 0.021875 0.071875 0.04375
0 0.378125 0.83125 0.04375 0.1359375
0 0.4046875 0.8375 0.04375 0.1453125
0 0.4359375 0.84296875 0.0546875 0.159375
0 0.559375 0.78515625 0.0671875 0.1828125
0 0.4859375 0.95 0.040625 0.1
0 0.40859375 0.94921875 0.04375 0.0890625
0 0.3609375 0.93359375 0.0421875 0.1078125
0 0.2515625 0.8578125 0.05625 0.1546875
0 0.32890625 0.9546875 0.025 0.0578125
0 0.18203125 0.89765625 0.04375 0.134375
0 0.028125 0.83984375 0.05625 0.1484375
0 0.00859375 0.8390625 0.0171875 0.15625
0 0.0296875 0.3359375 0.0515625 0.2125