0 0.8296875 0.940625 0.10625 0.11875
0 0.6625 0.84140625 0.10625 0.2203125
0 0.9640625 0.7375 0.040625 0.1984375
0 0.48671875 0.50703125 0.075 0.1734375
0 0.465625 0.66328125 0.08125 0.19375
0 0.6078125 0.59296875 0.090625 0.21875
0 0.70234375 0.646875 0.0828125 0.1734375
0 0.82734375 0.56640625 0.0671875 0.1828125
0 0.759375 0.55703125 0.0609375 0.1515625
0 0.7875 0.58515625 0.0625 0.1671875
0 0.9640625 0.14765625 0.071875 0.1640625
0 0.83828125 0.10546875 0.05 0.1171875
0 0.68203125 0.10625 0.05625 0.1484375
0 0.69609375 0.171875 0.0640625 0.1515625
0 0.553125 0.23515625 0.0625 0.16875
0 0.63515625 0.0703125 0.0515625 0.1125
0 0.60703125 0.065625 0.0453125 0.1109375
0 0.41796875 0.12890625 0.0640625 0.1421875
0 0.01796875 0.478125 0.0359375 0.21875
0 0.31484375 0.45859375 0.0875 0.2265625
0 0.37734375 0.40078125 0.071875 0.1703125
0 0.44296875 0.45390625 0.0640625 0.1640625
0 0.4515625 0.296875 0.0703125 0.16875
0 0.3171875 0.05703125 0.05625 0.1140625
0 0.1921875 0.175 0.0828125 0.171875
0 0.08125 0.08671875 0.0578125 0.1296875
0 0.0625 0.0890625 0.03125 0.146875
0 0.07109375 0.2234375 0.08125 0.1796875
0 0.43828125 0.02421875 0.0328125 0.0484375
0 0.56796875 0.03515625 0.0453125 0.065625