0 0.89921875 0.8546875 0.1046875 0.2296875
0 0.56171875 0.86640625 0.1328125 0.2640625
0 0.428125 0.66171875 0.1015625 0.2046875
0 0.30234375 0.68828125 0.1234375 0.24375
0 0.18515625 0.275 0.103125 0.196875
0 0.071875 0.30078125 0.10625 0.215625
0 0.36953125 0.07265625 0.0890625 0.1453125
0 0.45546875 0.2953125 0.0890625 0.175
0 0.4484375 0.46484375 0.0984375 0.190625
0 0.52421875 0.5296875 0.1125 0.215625
0 0.521875 0.41328125 0.09375 0.209375
0 0.7234375 0.53984375 0.1 0.1703125
0 0.68828125 0.7046875 0.1125 0.209375
0 0.9640625 0.19609375 0.071875 0.1484375
0 0.703125 0.33515625 0.09375 0.2015625
0 0.609375 0.18203125 0.075 0.1609375
0 0.6578125 0.1375 0.075 0.15625
0 0.70859375 0.22734375 0.084375 0.1453125
0 0.75390625 0.11328125 0.08125 0.1359375
0 0.69375 0.13046875 0.0796875 0.1765625
0 0.840625 0.62890625 0.0953125 0.203125
0 0.78984375 0.6515625 0.0953125 0.1984375
0 0.14375 0.1328125 0.0953125 0.1703125
0 0.184375 0.0578125 0.071875 0.115625
0 0.98984375 0.18203125 0.0203125 0.1390625
0 0.15 0.05390625 0.0625 0.1078125
0 0.44609375 0.2421875 0.0765625 0.1515625