0 0.5109375 0.8375 0.06796875 0.1921875
0 0.4140625 0.85390625 0.07578125 0.20703125
0 0.2875 0.93671875 0.07734375 0.1265625
0 0.27421875 0.78203125 0.07109375 0.19296875
0 0.09765625 0.8125 0.09453125 0.21015625
0 0.378125 0.4109375 0.06953125 0.20703125
0 0.4828125 0.34453125 0.04921875 0.16484375
0 0.5484375 0.31875 0.0484375 0.15
0 0.65703125 0.31484375 0.06640625 0.1703125
0 0.9375 0.40703125 0.0578125 0.20625
0 0.96171875 0.23046875 0.03984375 0.15
0 0.796875 0.134375 0.05 0.1546875
0 0.7265625 0.0859375 0.04140625 0.1640625
0 0.6453125 0.0921875 0.0453125 0.1265625
0 0.5328125 0.0734375 0.0375 0.12734375
0 0.5 0.075 0.03984375 0.1375
0 0.36796875 0.07578125 0.03515625 0.15078125
0 0.3234375 0.0765625 0.0515625 0.15234375
0 0.1265625 0.1546875 0.05546875 0.171875
0 0.040625 0.18046875 0.04765625 0.14140625
0 0.18515625 0.51015625 0.03828125 0.1578125
0 0.2140625 0.5171875 0.0421875 0.159375
0 0.2515625 0.5 0.03828125 0.1515625
0 0.5359375 0.6609375 0.0625 0.20390625
0 0.64296875 0.5640625 0.0578125 0.1625
0 0.57265625 0.2140625 0.040625 0.15703125