0 0.62109375 0.9265625 0.0734375 0.146875
0 0.371875 0.69921875 0.0640625 0.21171875
0 0.76875 0.7421875 0.0703125 0.2046875
0 0.6140625 0.540625 0.05078125 0.171875
0 0.78203125 0.51796875 0.0671875 0.17890625
0 0.77265625 0.3578125 0.06875 0.17734375
0 0.38671875 0.2921875 0.05 0.1609375
0 0.41015625 0.4921875 0.05234375 0.19609375
0 0.05078125 0.83203125 0.08203125 0.21328125
0 0.06015625 0.18359375 0.04375 0.14921875
0 0.12109375 0.0953125 0.04296875 0.13515625
0 0.15390625 0.49140625 0.05078125 0.1984375
0 0.3125 0.321875 0.0421875 0.17265625
0 0.4953125 0.225 0.0484375 0.14140625
0 0.53125 0.15625 0.04140625 0.140625
0 0.42890625 0.134375 0.0296875 0.1453125
0 0.4546875 0.12578125 0.02265625 0.13046875
0 0.4765625 0.1375 0.021875 0.12890625
0 0.5796875 0.0890625 0.025 0.103125
0 0.38984375 0.05859375 0.02890625 0.09921875
0 0.2015625 0.08203125 0.03046875 0.11640625
0 0.309375 0.2171875 0.03125 0.078125
0 0.6171875 0.203125 0.0296875 0.13203125
0 0.6421875 0.18515625 0.03203125 0.14140625
0 0.73203125 0.1140625 0.021875 0.13359375
0 0.69375 0.06015625 0.01953125 0.11015625
0 0.67578125 0.08125 0.0171875 0.08203125
0 0.8921875 0.20078125 0.0375 0.13203125
0 0.9484375 0.19375 0.0359375 0.13046875
0 0.83203125 0.0703125 0.0234375 0.103125
0 0.853125 0.06640625 0.0203125 0.10703125
0 0.88359375 0.07109375 0.03046875 0.12265625
0 0.21796875 0.54921875 0.04375 0.15625
0 0.2578125 0.53671875 0.0375 0.13359375