0 0.06796875 0.68984375 0.075 0.20625
0 0.38046875 0.77421875 0.06796875 0.2328125
0 0.5453125 0.621875 0.0515625 0.18125
0 0.6515625 0.6734375 0.0640625 0.215625
0 0.94375 0.9125 0.0796875 0.175
0 0.84921875 0.33046875 0.0546875 0.1734375
0 0.94453125 0.378125 0.053125 0.190625
0 0.73203125 0.0953125 0.0453125 0.15625
0 0.603125 0.28828125 0.04609375 0.1546875
0 0.57109375 0.44140625 0.0515625 0.16796875
0 0.4890625 0.48203125 0.059375 0.1890625
0 0.5171875 0.3796875 0.0421875 0.18828125
0 0.3078125 0.446875 0.05859375 0.146875
0 0.303125 0.6015625 0.06171875 0.18359375
0 0.16484375 0.0859375 0.04453125 0.13046875
0 0.0546875 0.15546875 0.0546875 0.14921875
0 0.37265625 0.26875 0.04453125 0.1796875
0 0.490625 0.153125 0.034375 0.14453125
0 0.45703125 0.10234375 0.0359375 0.1390625
0 0.39140625 0.17109375 0.04765625 0.1265625
0 0.3765625 0.059375 0.04765625 0.11875
0 0.4265625 0.08828125 0.03515625 0.15859375
0 0.18359375 0.50078125 0.04453125 0.18125
0 0.22421875 0.53125 0.04609375 0.1765625
0 0.91796875 0.2125 0.0546875 0.146875
0 0.89921875 0.128125 0.0375 0.1203125
0 0.12109375 0.0609375 0.05 0.121875
0 0.93203125 0.12890625 0.02890625 0.12265625
0 0.6234375 0.24375 0.0390625 0.13359375