0 0.0390625 0.16953125 0.04453125 0.13203125
0 0.11328125 0.209375 0.05078125 0.13984375
0 0.38359375 0.28671875 0.04453125 0.1640625
0 0.40390625 0.63671875 0.0484375 0.19140625
0 0.49765625 0.47890625 0.0484375 0.18515625
0 0.24609375 0.9484375 0.06328125 0.103125
0 0.5484375 0.89140625 0.059375 0.2171875
0 0.66328125 0.86953125 0.0609375 0.178125
0 0.66328125 0.72421875 0.053125 0.12109375
0 0.8078125 0.91015625 0.06953125 0.1796875
0 0.946875 0.5171875 0.05859375 0.18046875
0 0.66328125 0.19140625 0.0375 0.14921875
0 0.49921875 0.13515625 0.03671875 0.1359375
0 0.53125 0.1234375 0.021875 0.115625
0 0.56875 0.12109375 0.0265625 0.13046875
0 0.5484375 0.19609375 0.028125 0.1140625
0 0.9265625 0.15 0.0296875 0.13046875
0 0.95390625 0.1453125 0.02265625 0.11171875
0 0.9875 0.1 0.02421875 0.11640625
0 0.9859375 0.28984375 0.028125 0.12890625
0 0.4078125 0.06875 0.0296875 0.11640625
0 0.73046875 0.0828125 0.028125 0.1421875
0 0.7640625 0.06484375 0.02890625 0.1296875
0 0.59140625 0.04296875 0.0171875 0.075
0 0.1875 0.49140625 0.03203125 0.1625
0 0.25078125 0.5046875 0.034375 0.1328125
0 0.215625 0.5125 0.03515625 0.15859375